a
{
n 129 100 20 5 6
n 92 154 10 5 6
n 200 154 20 5 6
n 120 278 10 5 6
n 113 292 10 5 6
n 181 246 10 5 6
s 129 100 71 54 3
s 129 100 -37 54 3
s 92 154 28 124 3
s 120 278 -7 14 3
s 200 154 -19 92 3
s 92 154 108 0 3
}
a
{
n 350 350 50 5 4
c 400 400 100 5
}
a
{
c 236 214 96 4
t 189 92 -119 121 100 121 3
}
a
{
a
{
n 309 150 20 5 6
n 272 204 10 5 6
n 380 204 20 5 6
n 300 328 10 5 6
n 293 342 10 5 6
n 361 296 10 5 6
s 309 150 71 54 3
s 309 150 -37 54 3
s 272 204 28 124 3
s 300 328 -7 14 3
s 380 204 -19 92 3
s 272 204 108 0 3
}
a
{
n 320 220 50 5 4
c 370 270 100 5
}
}
